& (245, 33)
' (406, 2)
'' (415, 7)
's (449, 11)
've (509, 1)
( (514, 10)
) (563, 10)
+bahia (612, 1)
, (616, 42)
- (810, 4)
-- (831, 4)
. (852, 44)
.125 (1060, 1)
0.39 (1065, 1)
0.75 (1069, 1)
0.99 (1074, 1)
1 (1078, 2)
1,001,430 (1086, 1)
1,035,000 (1091, 1)
1,142,000 (1096, 1)
1,428,000 (1101, 1)
1,545,160 (1106, 1)
1,655.8 (1111, 1)
1,715,000 (1115, 1)
1,750 (1120, 1)
1,780 (1124, 1)
1,850 (1128, 1)
1,850,000 (1132, 1)
1,870 (1137, 1)
1,875 (1141, 1)
1,880 (1145, 1)
1.00 (1149, 1)
1.04 (1154, 1)
1.06 (1159, 2)
1.1 (1167, 1)
1.10 (1172, 1)
1.11 (1177, 1)
1.12 (1182, 1)
1.19 (1187, 2)
1.21 (1196, 1)
1.22 (1201, 2)
1.24 (1210, 1)
1.25 (1214, 2)
1.27 (1222, 1)
1.28 (1227, 1)
1.3 (1232, 1)
1.34 (1237, 2)
1.35 (1246, 1)
1.4 (1250, 2)
1.40 (1259, 1)
1.41 (1264, 1)
1.47 (1269, 1)
1.48 (1274, 1)
1.49 (1279, 1)
1.5 (1284, 2)
1.50 (1293, 2)
1.51 (1302, 1)
1.52 (1307, 1)
1.53 (1312, 2)
1.54 (1321, 1)
1.56 (1326, 2)
1.59 (1334, 2)
1.64 (1343, 1)
1.65 (1348, 1)
1.66 (1352, 1)
1.68 (1357, 1)
1.7 (1362, 1)
1.70 (1367, 1)
1.71 (1372, 1)
1.73 (1377, 1)
1.75 (1382, 1)
1.80 (1387, 1)
1.84 (1392, 1)
1.85 (1397, 1)
1.87 (1402, 1)
1.9 (1407, 1)
1.92 (1412, 1)
1.94 (1416, 1)
1.95 (1421, 1)
10 (1426, 3)
10,694,081 (1439, 1)
10.0 (1444, 2)
10.1 (1452, 1)
10.4 (1457, 1)
10.6 (1462, 1)
10.9 (1467, 1)
100 (1472, 2)
100.9 (1480, 1)
104,606,000 (1484, 1)
107.3 (1489, 1)
107.77 (1493, 1)
109 (1498, 1)
11 (1503, 3)
11-5/8 (1515, 1)
11.4 (1520, 1)
110,000 (1525, 1)
110,311,000 (1530, 1)
111.8 (1535, 1)
112-1/2 (1539, 1)
114 (1544, 1)
117,866 (1549, 1)
117.6 (1554, 1)
119.05 (1558, 1)
12 (1563, 10)
12.1 (1613, 1)
12.2 (1618, 1)
12.6 (1623, 1)
120 (1628, 1)
121,168 (1633, 1)
125 (1638, 1)
129,000 (1643, 1)
13 (1648, 6)
13,555,000 (1678, 1)
13.0 (1683, 1)
13.2 (1687, 1)
131.4 (1691, 1)
132,000 (1696, 1)
132-1/2 (1701, 1)
135 (1706, 1)
137-1/2 (1711, 1)
138.9 (1716, 1)
14 (1721, 1)
14,635,000 (1726, 1)
14.5 (1731, 2)
145.3 (1739, 1)
149.8 (1743, 1)
15 (1747, 6)
15.0 (1776, 1)
15.8 (1780, 1)
15.9 (1785, 2)
150 (1793, 1)
151.1 (1798, 2)
151.9 (1807, 1)
155,221 (1812, 1)
16 (1816, 2)
16,000 (1825, 1)
16,568,000 (1830, 1)
16.0 (1835, 1)
16.1 (1840, 1)
16.9 (1845, 1)
1630 (1850, 1)
164.6 (1855, 1)
166.1 (1859, 1)
17 (1863, 2)
18 (1872, 4)
18.49 (1894, 1)
18.6 (1899, 1)
182.4 (1904, 1)
184,649,000 (1908, 1)
186,790,000 (1913, 1)
19 (1918, 3)
19.5 (1930, 1)
19.6 (1935, 1)
195 (1940, 2)
197,000 (1949, 1)
1978 (1954, 1)
198 (1959, 1)
1981 (1964, 1)
1983 (1968, 1)
1984 (1973, 2)
1985 (1981, 5)
1985/86 (2007, 1)
1986 (2011, 16)
1986/87 (2090, 2)
1987 (2097, 6)
1987/88 (2126, 1)
1988 (2130, 2)
1st (2139, 1)
2,188,933 (2144, 1)
2,227,000 (2149, 1)
2,285,000 (2154, 1)
2,325 (2159, 1)
2,330,000 (2163, 1)
2,332,397 (2168, 1)
2,375 (2173, 1)
2,380 (2177, 1)
2,400 (2181, 1)
2,516,000 (2185, 1)
2,666,000 (2190, 1)
2,692.4 (2195, 1)
2,858,000 (2199, 1)
2,986,000 (2204, 1)
2-1/2 (2209, 1)
2.0 (2214, 1)
2.04 (2218, 1)
2.1 (2223, 1)
2.10 (2228, 1)
2.17 (2233, 1)
2.18 (2238, 1)
2.23 (2243, 1)
2.27 (2248, 1)
2.28 (2252, 1)
2.34 (2256, 1)
2.39 (2260, 1)
2.4 (2265, 1)
2.40 (2270, 1)
2.49 (2274, 1)
2.50 (2279, 1)
2.52 (2284, 2)
2.54 (2293, 1)
2.55 (2298, 1)
2.58 (2302, 2)
2.6 (2311, 1)
2.60 (2316, 1)
2.61 (2321, 1)
2.62 (2326, 1)
2.63 (2331, 1)
2.64 (2336, 1)
2.65 (2341, 2)
2.7 (2349, 1)
2.71 (2354, 1)
2.72 (2359, 1)
2.78 (2364, 1)
2.86 (2369, 1)
2.87 (2374, 1)
2.9 (2379, 2)
2.90 (2388, 1)
2.91 (2393, 1)
2.92 (2398, 1)
2.96 (2403, 1)
2.98 (2408, 1)
2.99 (2413, 1)
2/26 (2418, 1)
2/27 (2423, 1)
20 (2428, 7)
20.0 (2462, 1)
20.4 (2466, 1)
20.792 (2470, 1)
20.9 (2475, 1)
200,000 (2480, 1)
203,000 (2485, 1)
21,782,929 (2490, 1)
21.1 (2495, 1)
21.6 (2499, 1)
211 (2504, 1)
212.5 (2509, 1)
213,470,000 (2514, 1)
2130 (2519, 1)
215,000 (2524, 1)
218.5 (2529, 1)
22 (2533, 2)
22,345,718 (2541, 1)
22.2 (2546, 1)
226,653,000 (2551, 1)
23 (2556, 2)
23.6 (2563, 1)
236.90 (2567, 1)
24 (2572, 1)
24.2 (2577, 1)
24.5 (2582, 1)
25 (2586, 10)
25,459,238 (2635, 1)
25,873,904 (2640, 1)
25.1 (2645, 1)
25.2 (2649, 1)
25.7 (2654, 1)
250 (2659, 1)
26 (2664, 2)
26-feb-1987 (2673, 1)
26.2 (2678, 1)
260,500 (2683, 1)
264.2 (2688, 1)
27 (2693, 6)
28 (2722, 4)
29 (2743, 2)
29-3/8 (2752, 1)
29.71 (2757, 1)
290.9 (2762, 1)
291.8 (2767, 2)
298.5 (2776, 1)
299.2 (2781, 1)
2nd (2786, 1)
3,035,000 (2791, 1)
3,320,000 (2796, 1)
3,376,000 (2801, 1)
3,761,000 (2806, 1)
3,971,000 (2811, 1)
3.03 (2816, 2)
3.04 (2825, 1)
3.05 (2830, 1)
3.06 (2835, 1)
3.07 (2840, 3)
3.08 (2853, 3)
3.09 (2866, 1)
3.10 (2871, 1)
3.11 (2876, 1)
3.12 (2881, 1)
3.15 (2886, 1)
3.16 (2890, 1)
3.17 (2895, 1)
3.2 (2900, 1)
3.23 (2904, 1)
3.25 (2909, 1)
3.25-i (2913, 1)
3.47 (2917, 1)
3.66 (2922, 1)
3.7 (2927, 1)
3.70 (2931, 1)
3.8 (2936, 1)
3.98 (2941, 1)
30 (2946, 7)
30-40 (2980, 1)
31 (2985, 8)
310 (3023, 1)
315.2 (3028, 1)
32 (3033, 1)
32.9 (3038, 1)
327.2 (3042, 1)
33.7 (3047, 1)
336.63 (3051, 1)
337 (3056, 1)
337.3 (3061, 1)
34 (3066, 3)
34.8 (3079, 1)
340 (3083, 1)
35 (3087, 5)
35,145,000 (3112, 1)
350 (3117, 1)
356 (3121, 1)
36 (3126, 1)
363,000 (3131, 1)
37 (3136, 2)
37,000 (3145, 1)
37.4 (3150, 1)
370,500 (3154, 1)
375 (3159, 2)
39 (3168, 2)
39.9 (3177, 1)
4 (3181, 1)
4,104,000 (3186, 1)
4,161.0 (3191, 1)
4,340 (3195, 1)
4,345 (3199, 1)
4,350 (3203, 1)
4,351 (3207, 1)
4,400 (3211, 1)
4,415 (3215, 1)
4,450 (3219, 1)
4,480 (3223, 1)
4,647,000 (3227, 1)
4,673,253 (3232, 1)
4,841,000 (3237, 1)
4.00 (3242, 1)
4.05 (3247, 1)
4.06 (3252, 1)
4.10 (3257, 1)
4.15 (3262, 1)
4.38 (3267, 1)
4.45 (3272, 1)
4.65 (3276, 1)
4.68 (3280, 1)
4.7 (3285, 1)
4.75 (3290, 1)
4.76 (3295, 1)
4.78 (3300, 1)
4.80 (3305, 1)
4.81 (3310, 1)
4.85 (3315, 1)
4.90 (3320, 1)
4.98 (3325, 1)
40 (3330, 2)
41 (3339, 1)
41.1 (3344, 1)
42 (3349, 1)
43.4 (3354, 1)
44,092,000 (3359, 1)
440.3 (3364, 1)
442,000 (3369, 1)
45 (3374, 2)
45-50 (3382, 1)
45.00 (3387, 1)
45.1 (3392, 1)
46 (3396, 2)
46,254 (3405, 1)
467,000 (3410, 1)
47.1 (3415, 1)
47.2 (3420, 1)
472.3 (3425, 1)
479.7 (3430, 1)
48,741,000 (3435, 1)
48.0 (3440, 1)
48.6 (3444, 1)
48.7 (3448, 1)
4th (3452, 11)
5,050,044 (3512, 1)
5,086,000 (3517, 1)
5,988 (3522, 1)
5.05 (3527, 1)
5.36 (3532, 1)
5.54 (3536, 1)
5.81 (3540, 1)
5.86 (3544, 1)
5.92 (3549, 1)
5.93 (3554, 1)
5/14/82 (3558, 1)
50 (3562, 1)
50,000 (3567, 1)
500,000 (3572, 1)
51 (3577, 1)
51.6 (3582, 1)
51.7 (3587, 1)
510.2 (3592, 1)
55,000 (3597, 1)
55,513,000 (3602, 1)
55.8 (3607, 1)
556.7 (3611, 1)
558.9 (3616, 1)
569.3 (3621, 1)
58 (3626, 1)
6 (3631, 1)
6,306,0000 (3635, 1)
6,635,318 (3640, 1)
6.1 (3645, 1)
6.13 (3650, 1)
6.2 (3654, 1)
6.20 (3658, 1)
6.3 (3663, 1)
6.4 (3667, 2)
6.8 (3675, 1)
60 (3679, 1)
61.11 (3683, 1)
61.5 (3688, 1)
61.8 (3692, 1)
62.94 (3696, 1)
630 (3701, 1)
64 (3706, 3)
644 (3719, 1)
65.06 (3724, 1)
65.89 (3729, 1)
66 (3734, 2)
66.0 (3743, 1)
66.19 (3748, 1)
66.2 (3753, 2)
67.1 (3762, 1)
67.62 (3767, 1)
68,004,000 (3772, 1)
69,127,000 (3777, 1)
7,041,000 (3782, 1)
7,075,000 (3787, 1)
7-1/2 (3792, 1)
7.0 (3797, 1)
7.15 (3801, 1)
7.20 (3806, 1)
7.5 (3811, 1)
7.9 (3816, 2)
7/1/82 (3824, 1)
71.6 (3828, 1)
72 (3833, 2)
72,000 (3842, 1)
720.4 (3847, 2)
73 (3856, 1)
75 (3861, 1)
753 (3866, 1)
76.1 (3870, 1)
77.4 (3874, 1)
779 (3879, 1)
785 (3884, 1)
8,843,000 (3888, 1)
80 (3893, 1)
80.8 (3898, 1)
807,000 (3902, 1)
82 (3907, 1)
82.7 (3912, 1)
829,000 (3916, 1)
84,250 (3921, 1)
848,600 (3926, 1)
87.4 (3931, 1)
872.0 (3935, 1)
9 (3939, 1)
9,140,000 (3944, 1)
9.0 (3949, 1)
9.2 (3953, 1)
9.4 (3958, 1)
90 (3963, 1)
91 (3968, 1)
92 (3973, 1)
92.2 (3978, 1)
93.4 (3983, 1)
95.30 (3988, 1)
98.7 (3993, 1)
98.8 (3998, 1)
992.9 (4003, 1)
995 (4008, 1)
997.1 (4012, 1)
: (4017, 13)
; (4079, 33)
> (4240, 33)
`` (4401, 7)
a (4435, 25)
about (4557, 2)
abroad (4566, 1)
accept (4571, 2)
accompani (4580, 1)
accordingli (4585, 1)
account (4590, 1)
acquir (4595, 4)
acquisit (4617, 3)
act (4630, 1)
action (4635, 1)
actual (4640, 1)
ad (4645, 1)
addit (4650, 1)
adjust (4655, 3)
administr (4668, 1)
affect (4673, 1)
affili (4678, 1)
after (4683, 6)
afternoon (4711, 1)
again (4716, 2)
against (4724, 1)
agenc (4728, 1)
ago (4733, 3)
agre (4746, 1)
agricultur (4751, 5)
all (4776, 5)
all-star (4801, 1)
allevi (4806, 1)
alloc (4810, 1)
almost (4815, 1)
alon (4819, 1)
also (4824, 6)
although (4851, 2)
am (4859, 2)
amarillo/ (4868, 1)
amarlo/ (4873, 1)
america (4878, 2)
american (4887, 1)
amid (4892, 1)
among (4897, 1)
amount (4902, 2)
an (4911, 9)
analyst (4956, 2)
and (4965, 31)
ani (5110, 5)
ann (5136, 1)
anniversari (5141, 1)
announc (5146, 4)
annual (5168, 7)
anoth (5201, 2)
anti-infl (5210, 1)
anticip (5215, 1)
appli (5220, 1)
applic (5225, 1)
apprais (5230, 1)
approv (5235, 3)
apr (5247, 1)
april (5251, 13)
april/may (5313, 1)
arbitrageur (5317, 1)
are (5322, 10)
area (5372, 1)
argentin (5376, 1)
argentina (5380, 1)
around (5384, 1)
arrang (5388, 2)
arriv (5397, 1)
arroba (5401, 1)
as (5405, 9)
asc (5448, 1)
asset (5453, 5)
associ (5479, 3)
at (5492, 11)
atfc (5550, 1)
atico (5555, 1)
attack (5560, 1)
attract (5565, 1)
aug (5570, 1)
aug/sept (5574, 1)
australia (5578, 1)
author (5583, 1)
avail (5587, 3)
averag (5598, 5)
avg (5623, 6)
avoid (5652, 1)
award (5657, 1)
b (5662, 2)
backlog (5671, 2)
bag (5680, 2)
bahia (5688, 1)
balanc (5692, 1)
ball (5697, 1)
balt/nor/ (5702, 1)
baltimore/ (5707, 1)
bank (5712, 8)
bankruptci (5750, 1)
barg (5755, 1)
barley (5760, 1)
base (5764, 1)
basi (5769, 3)
bdm (5782, 1)
be (5787, 16)
bean (5867, 2)
becaus (5875, 1)
been (5880, 8)
befor (5917, 2)
begin (5926, 2)
below (5935, 1)
benefit (5940, 2)
better (5949, 1)
between (5954, 1)
beverag (5959, 1)
bfd (5964, 1)
bfdb (5969, 1)
bid (5974, 3)
bid/107-1/2 (5987, 1)
bid/120 (5992, 1)
bid/127-1/2 (5997, 1)
bid/132-1/2 (6002, 1)
bid/135 (6007, 1)
bid/140 (6012, 1)
bid/145 (6017, 1)
bidder (6022, 1)
billion (6027, 12)
bit (6086, 1)
blender (6091, 1)
board (6096, 4)
bodi (6116, 1)
bonu (6121, 1)
book (6126, 2)
borrow (6134, 3)
both (6147, 4)
bottom (6169, 1)
bracket (6174, 1)
brazil (6178, 2)
brazilian (6187, 1)
bread (6191, 1)
brian (6195, 1)
brli (6200, 1)
broker-deal (6205, 1)
brown-forman (6210, 2)
bulletin (6219, 1)
bushel (6224, 2)
busi (6233, 4)
but (6255, 4)
butter (6277, 1)
buy (6281, 2)
buyer (6290, 1)
by (6294, 9)
cake (6340, 1)
calcul (6344, 1)
call (6349, 2)
canada (6357, 1)
canal (6362, 1)
canron (6367, 1)
capac (6372, 1)
capit (6377, 6)
care (6406, 1)
carniv (6411, 1)
carri (6415, 1)
carryforward (6420, 1)
carryov (6425, 1)
cash (6430, 2)
catapult (6439, 1)
cathod (6444, 1)
cbco (6449, 1)
ccc (6454, 2)
cdin (6463, 1)
cent (6468, 2)
certain (6477, 3)
certif (6490, 2)
ch (6498, 1)
chairman (6502, 1)
champion (6507, 1)
chang (6511, 3)
charg (6524, 2)
charter (6533, 1)
chem (6538, 1)
chemlawn (6543, 1)
chicago (6548, 3)
cinci (6561, 1)
cincinnati (6566, 1)
cinram (6571, 1)
circumst (6576, 1)
cite (6581, 2)
citi (6590, 2)
class (6599, 2)
clri (6608, 1)
co (6613, 5)
co. (6639, 1)
cobanco (6644, 1)
cocoa (6649, 1)
cofab (6653, 1)
coffe (6658, 2)
collaps (6667, 1)
combust (6672, 1)
come (6677, 1)
comissaria (6681, 1)
commenc (6685, 1)
comment (6690, 1)
commerci (6695, 3)
commiss (6708, 3)
commod (6720, 3)
common (6733, 6)
compani (6762, 11)
compar (6821, 4)
comparison (6843, 1)
compet (6848, 1)
complet (6853, 3)
comput (6866, 2)
concentr (6875, 1)
condit (6880, 3)
conduct (6893, 1)
connect (6898, 1)
conserv (6903, 1)
consid (6908, 1)
consider (6913, 1)
consign (6918, 1)
consum (6922, 1)
contact (6927, 2)
continu (6936, 4)
contract (6957, 1)
control (6962, 1)
convert (6967, 1)
cool (6971, 1)
copper (6976, 1)
coradian (6981, 1)
corn (6986, 3)
corn/sorghum (6998, 1)
corp (7002, 11)
corpor (7062, 4)
correspond (7084, 1)
cost (7089, 1)
could (7094, 1)
countri (7099, 2)
court (7108, 1)
cover (7113, 4)
coverag (7134, 1)
covert (7139, 1)
cpml (7143, 1)
creat (7148, 1)
credit (7153, 4)
crisi (7175, 1)
crop (7180, 2)
crowley (7187, 1)
crumbl (7192, 1)
crush (7197, 1)
cruzado (7202, 2)
csp (7210, 1)
ct (7215, 27)
cumul (7353, 2)
currenc (7361, 2)
current (7369, 3)
custom (7381, 3)
cut (7394, 2)
cwt (7403, 2)
cyclop (7411, 1)
cyl (7416, 1)
d (7421, 1)
daili (7426, 1)
dairi (7431, 1)
data (7436, 3)
day (7449, 3)
dealer (7462, 1)
dean (7467, 1)
debra (7472, 1)
debt (7477, 1)
dec (7482, 1)
decemb (7486, 5)
declar (7512, 3)
declin (7525, 4)
delay (7547, 1)
deleg (7552, 2)
deliv (7561, 1)
deliveri (7565, 2)
demand (7574, 1)
denver (7579, 1)
depart (7584, 4)
depend (7605, 1)
deposit (7610, 1)
deriv (7615, 1)
destin (7620, 1)
detail (7624, 1)
develop (7628, 1)
df (7633, 1)
difficult (7638, 1)
dificulti (7643, 1)
dilut (7647, 1)
director (7652, 2)
discount (7660, 3)
discuss (7673, 2)
distanc (7682, 1)
distribut (7687, 4)
div (7709, 11)
divert (7769, 1)
dividend (7774, 10)
divis (7825, 1)
dlr (7830, 33)
dlrs/bu-sorghum (7991, 1)
doe (7995, 1)
dollar (8000, 4)
domest (8022, 1)
dominion (8027, 1)
done (8032, 1)
dot (8037, 1)
doubt (8042, 1)
dougla (8046, 1)
down (8051, 1)
dramat (8056, 1)
dri (8061, 2)
drop (8069, 2)
drought (8078, 1)
due (8082, 4)
duluth (8104, 1)
dure (8109, 1)
durum (8114, 1)
e.b.i (8119, 1)
each (8124, 1)
earli (8129, 4)
earlier (8150, 5)
earmark (8175, 1)
earn (8180, 5)
economi (8206, 2)
economist (8215, 1)
edibl (8220, 1)
ee (8225, 1)
effect (8230, 4)
eight (8252, 3)
eight-memb (8265, 1)
electr (8270, 1)
electron (8275, 1)
elgin (8280, 1)
elliott (8285, 1)
emh (8290, 1)
emhart (8295, 1)
end (8300, 10)
end-day (8350, 1)
energi (8355, 1)
engin (8360, 2)
enhanc (8369, 1)
enough (8374, 1)
ensur (8379, 1)
enter (8384, 2)
entrepreu (8392, 1)
entri (8397, 1)
equal (8402, 1)
equiti (8407, 2)
esquir (8416, 1)
est (8421, 1)
establish (8426, 1)
estim (8431, 2)
evansvil (8439, 1)
even (8444, 1)
evnsvll (8449, 1)
ex (8454, 1)
exampl (8459, 1)
exceed (8464, 2)
exchang (8473, 5)
exclud (8499, 2)
exclus (8508, 1)
exercis (8513, 1)
expect (8518, 8)
expenditur (8555, 1)
expens (8560, 1)
experi (8565, 1)
experienc (8570, 1)
expir (8574, 1)
export (8579, 7)
extend (8611, 1)
extraordinari (8616, 2)
fabric (8625, 1)
fall (8630, 5)
farmer (8656, 2)
farmer-own (8664, 1)
favor (8668, 2)
feb (8677, 9)
februari (8723, 8)
fed (8758, 6)
feder (8788, 5)
feedgrain (8814, 1)
fell (8818, 2)
fertil (8827, 1)
few (8832, 1)
fewer (8836, 1)
fgrp (8841, 1)
figur (8846, 4)
file (8866, 1)
final (8871, 2)
financi (8879, 1)
find (8884, 1)
firm (8889, 4)
first (8911, 5)
fiscal (8937, 4)
fit (8959, 1)
five (8963, 5)
five-day (8988, 1)
fix (8992, 1)
flour (8997, 1)
flow (9002, 2)
fob (9011, 1)
follow (9015, 3)
food (9026, 1)
for (9031, 29)
foreign (9173, 2)
form (9182, 2)
formal (9191, 1)
formerli (9196, 1)
forward (9201, 1)
four (9206, 3)
fourth (9219, 3)
free (9232, 1)
freight (9237, 1)
friday (9242, 1)
from (9247, 17)
froze (9331, 1)
frozen (9336, 1)
full (9341, 3)
fund (9354, 4)
further (9376, 3)
futur (9389, 3)
ga (9401, 1)
gain (9406, 7)
garden (9440, 1)
gat (9445, 1)
gener (9450, 2)
get (9459, 1)
gmt (9464, 1)
go (9469, 2)
good (9477, 2)
govern (9485, 2)
grade (9494, 1)
grain (9499, 3)
grain/oilse (9510, 1)
graphic (9514, 1)
group (9519, 6)
grow (9549, 1)
growth (9554, 2)
guarante (9563, 2)
gulf (9572, 3)
gulfex (9585, 1)
ha (9590, 11)
had (9649, 5)
hail (9675, 1)
half (9680, 1)
halt (9685, 1)
hand (9690, 2)
handi (9698, 1)
harman (9703, 1)
harri (9708, 1)
harvest (9713, 1)
have (9717, 4)
he (9737, 1)
held (9742, 2)
help (9750, 1)
herbicid (9755, 1)
high (9760, 1)
high-pressur (9765, 1)
higher (9770, 2)
highest (9779, 1)
hnh (9784, 1)
hold (9789, 1)
holder (9794, 2)
home (9803, 2)
hondura (9812, 1)
hope (9817, 1)
hous (9822, 1)
houston (9827, 1)
houston-bas (9832, 1)
how (9837, 1)
howard (9841, 1)
hr (9846, 2)
hrw (9855, 1)
humid (9860, 1)
hundr (9864, 1)
i (9868, 2)
ico (9876, 2)
if (9885, 2)
ii (9894, 1)
iii (9898, 1)
ill. (9902, 1)
illinoi (9907, 1)
immedi (9912, 1)
impact (9917, 1)
import (9922, 3)
improv (9935, 5)
in (9960, 35)
inc (10121, 22)
inc. (10232, 1)
includ (10237, 17)
incom (10321, 1)
increas (10326, 8)
index (10363, 1)
individu (10368, 1)
industri (10373, 3)
inflat (10386, 1)
inform (10391, 1)
ingal (10396, 1)
initi (10401, 4)
institut (10423, 1)
interest (10428, 2)
intern (10437, 5)
into (10463, 1)
introduct (10468, 1)
inventori (10473, 1)
invest (10478, 2)
involv (10487, 2)
is (10496, 12)
issu (10554, 1)
it (10559, 23)
iv (10673, 1)
ivaco (10677, 1)
jan (10682, 2)
januari (10691, 7)
january-decemb (10723, 1)
japan (10728, 1)
john (10733, 1)
joliet (10738, 1)
jul (10743, 1)
juli (10747, 2)
jun (10754, 1)
june (10758, 1)
june/juli (10763, 1)
kansa (10767, 1)
kc (10772, 1)
kenneth (10777, 1)
kilo (10782, 1)
kingdom (10786, 1)
knight (10791, 1)
l.a. (10796, 1)
l.p. (10801, 1)
la (10806, 1)
label (10811, 1)
languag (10816, 1)
languish (10821, 1)
largest (10826, 1)
larsen (10831, 1)
last (10836, 6)
late (10865, 4)
latest (10886, 3)
law (10899, 1)
lawn (10904, 1)
lb (10909, 2)
lead (10917, 1)
least (10922, 2)
led (10931, 1)
level (10936, 3)
liberti (10947, 1)
licens (10952, 1)
license (10957, 2)
life (10966, 1)
light (10971, 1)
like (10975, 2)
limit (10984, 1)
limp (10988, 1)
line (10993, 3)
linoil (11006, 1)
linse (11010, 1)
liquor (11014, 1)
lo (11018, 1)
load (11023, 1)
loan (11028, 5)
long (11053, 2)
loss (11062, 7)
lou (11096, 1)
loui (11101, 2)
lower (11110, 6)
lt (11139, 33)
ltd (11300, 2)
lubbck (11309, 1)
lubbock (11314, 1)
lubric (11319, 1)
lugano (11324, 1)
m-1 (11329, 1)
made (11334, 2)
magma (11342, 1)
maiz (11347, 1)
major (11351, 3)
make (11364, 3)
manag (11376, 1)
manufactur (11381, 1)
mar (11386, 1)
march (11390, 16)
march-may (11469, 1)
march/april (11474, 1)
marin (11478, 1)
mariotim (11483, 1)
mark (11488, 1)
market (11493, 4)
matrix (11515, 1)
mattress (11520, 1)
matur (11525, 1)
may (11529, 5)
mayb (11553, 1)
mcd (11558, 1)
mcdonald (11563, 1)
mclean (11568, 1)
meal (11573, 1)
mean (11578, 1)
meet (11582, 4)
member (11603, 1)
memphi (11608, 1)
memphis/cairo (11613, 1)
merchant (11618, 1)
merger (11623, 1)
mid-30 (11628, 1)
midday (11633, 1)
middl (11637, 1)
middlemen (11642, 1)
mii (11646, 1)
milk (11651, 1)
mine (11656, 1)
minneapoli (11661, 1)
minor (11666, 1)
mississippi (11671, 1)
mln (11676, 35)
modifi (11838, 1)
money (11843, 3)
month (11856, 8)
monthli (11893, 1)
morbelli (11898, 1)
mortgag (11903, 1)
move (11908, 1)
mpl (11913, 1)
mth (11918, 4)
much (11940, 1)
must (11944, 1)
mutual (11949, 3)
n't (11962, 1)
n.a (11967, 2)
n.a.-not (11975, 1)
n.v. (11979, 1)
n.y. (11984, 2)
n.z (11993, 1)
name (11998, 3)
nar (12010, 1)
nation (12015, 5)
natl (12040, 1)
ncnb (12044, 1)
near-record (12049, 1)
nearbi (12054, 1)
need (12058, 1)
negoti (12063, 2)
net (12072, 16)
new (12153, 12)
newmont (12211, 1)
next (12216, 4)
nil (12238, 2)
nine (12246, 5)
no (12272, 2)
norf./phil (12281, 1)
normal (12286, 1)
north (12290, 2)
not (12299, 5)
note (12324, 13)
note:1986 (12387, 1)
novebm (12392, 1)
novemb (12397, 1)
now (12402, 2)
nspa (12410, 1)
o'malley (12415, 1)
oat (12420, 2)
obod (12428, 1)
obtain (12433, 1)
occur (12437, 2)
oct (12446, 1)
oct/dec (12450, 1)
octob (12454, 1)
of (12459, 41)
off (12656, 1)
offer (12661, 6)
offici (12690, 2)
offset (12699, 1)
ohio (12704, 2)
oil (12713, 2)
oilse (12721, 1)
old (12725, 3)
omt (12737, 1)
on (12742, 20)
one (12839, 9)
onli (12886, 3)
open (12898, 2)
oper (12906, 7)
or (12940, 13)
order (13003, 1)
organ (13008, 2)
our (13017, 1)
out (13022, 1)
outlook (13027, 2)
outstand (13036, 4)
over (13058, 3)
over-the-counter- (13070, 1)
overal (13075, 1)
owe (13080, 1)
owen (13085, 1)
owensboro/south (13090, 1)
own (13095, 1)
pace (13100, 2)
paid (13109, 2)
pan (13118, 1)
panama (13123, 1)
paper (13128, 3)
part (13141, 2)
pay (13149, 6)
payabl (13179, 7)
payment (13213, 2)
payout (13222, 3)
pct (13235, 11)
peninsula (13295, 1)
peoria (13300, 1)
per (13305, 14)
percentag (13376, 1)
perform (13381, 1)
period (13386, 8)
peso (13423, 1)
pesticid (13428, 1)
petrochem (13433, 1)
phi (13438, 1)
phil (13443, 1)
philippin (13448, 1)
pik (13453, 1)
pillsburi (13458, 1)
pipelin (13463, 1)
plan (13468, 2)
plung (13477, 1)
point (13482, 2)
polar (13491, 1)
pom (13496, 1)
port (13501, 1)
port/ (13505, 1)
portion (13510, 1)
portland/ (13515, 1)
postpon (13520, 1)
potomac (13525, 1)
power (13530, 1)
practic (13535, 1)
prefer (13539, 1)
prescott (13544, 1)
present (13549, 2)
presid (13558, 2)
presidenti (13567, 1)
prev (13572, 1)
previou (13576, 2)
previous (13585, 3)
price (13598, 7)
primari (13630, 1)
principl (13635, 1)
printer (13640, 1)
prior (13645, 13)
prior-year (13708, 1)
probabl (13713, 1)
process (13718, 1)
processor (13723, 3)
produc (13735, 2)
product (13744, 4)
profit (13764, 9)
program (13811, 1)
project (13816, 1)
propos (13821, 2)
prospect (13830, 2)
provid (13838, 2)
publish (13847, 1)
pulp (13851, 1)
purchas (13856, 2)
purpos (13865, 1)
purus (13870, 1)
qtli (13875, 9)
qtr (13922, 13)
qtrli (13985, 1)
qualiti (13990, 1)
quarter (13994, 6)
quarterli (14024, 2)
quot (14033, 2)
quota (14042, 3)
radio (14055, 1)
rais (14060, 3)
rang (14073, 2)
rate (14082, 8)
rate-x (14119, 1)
readi (14123, 1)
realti (14128, 1)
realtor (14133, 1)
reason (14138, 1)
receiv (14143, 1)
recent (14148, 2)
recommend (14156, 1)
record (14160, 16)
redempt (14240, 1)
redistribut (14245, 1)
reduc (14250, 1)
reflect (14255, 1)
reform (14259, 1)
regist (14264, 2)
registr (14272, 1)
regular (14276, 3)
regularli (14289, 1)
regulatori (14294, 1)
reintroduc (14299, 1)
relat (14304, 1)
releas (14309, 3)
reluct (14321, 1)
remain (14325, 1)
remov (14330, 1)
reorgan (14335, 1)
repeat (14340, 2)
report (14349, 9)
research (14395, 2)
reserv (14404, 5)
residenti (14429, 1)
resist (14434, 1)
resourc (14439, 1)
restor (14444, 1)
restructur (14448, 2)
result (14457, 4)
resumpt (14479, 2)
return (14488, 2)
reuter (14497, 1)
rev (14501, 12)
revenu (14560, 1)
revers (14565, 1)
review (14570, 1)
right (14574, 1)
rise (14579, 2)
river (14588, 1)
rol (14593, 1)
rollin (14598, 1)
rose (14603, 4)
rosemari (14624, 1)
routin (14629, 1)
run (14633, 1)
ryan (14638, 1)
rye (14643, 1)
said (14648, 29)
sale (14792, 10)
same (14842, 3)
save (14854, 1)
saviour (14859, 1)
say (14864, 7)
schedul (14898, 4)
schlang (14920, 1)
seali (14925, 1)
season (14930, 2)
seattl (14938, 1)
second (14943, 3)
secondari (14956, 1)
section (14961, 1)
secur (14966, 1)
sedio (14971, 1)
see (14976, 3)
seek (14989, 1)
seem (14994, 2)
sell (15002, 2)
seller (15010, 1)
sept (15015, 1)
sept/dec (15019, 1)
sept/nov (15024, 1)
septemb (15029, 2)
servic (15038, 5)
servicemast (15064, 1)
session (15069, 2)
set (15078, 6)
seven (15108, 4)
sevic (15130, 1)
share (15135, 14)
share-out (15207, 1)
sharehold (15212, 4)
she (15233, 1)
ship (15238, 3)
shipment (15251, 3)
shipper (15262, 1)
short (15266, 1)
shortag (15271, 1)
shortfal (15276, 2)
shot (15285, 1)
should (15290, 1)
show (15295, 1)
shower (15299, 1)
shr (15303, 14)
signific (15376, 1)
sinc (15381, 3)
situat (15393, 1)
six (15398, 3)
slightli (15411, 1)
slow (15416, 1)
smith (15421, 1)
snyder (15425, 1)
soar (15430, 1)
sold (15435, 4)
some (15456, 1)
sorg (15460, 1)
sorghum (15465, 3)
south (15476, 3)
soyb (15489, 1)
soybean (15494, 2)
special (15502, 4)
splinter (15524, 1)
split (15529, 2)
spokesman (15537, 1)
spokeswoman (15542, 1)
spot (15547, 1)
srw (15551, 1)
st (15556, 2)
st. (15565, 1)
stabil (15570, 1)
stabl (15575, 1)
stage (15580, 1)
stake (15584, 1)
stand (15589, 1)
standard (15593, 1)
state (15598, 1)
statement (15603, 2)
station (15612, 1)
statist (15617, 1)
steadi (15622, 1)
still (15627, 2)
stock (15635, 7)
stock' (15668, 1)
stockhold (15673, 1)
stockton (15678, 1)
street (15683, 1)
strohmaier (15688, 1)
strong (15693, 4)
subject (15715, 2)
subproduct (15724, 1)
subsidiari (15728, 3)
substanti (15741, 2)
suffici (15750, 1)
sugar (15755, 1)
sunflowerse (15760, 1)
sunoil (15764, 1)
super (15768, 1)
superior+ (15773, 1)
suppli (15777, 2)
surplu (15786, 1)
surplus (15791, 1)
surpris (15796, 2)
svm (15805, 1)
switch (15810, 1)
switzerland (15815, 1)
sww (15820, 1)
syst (15825, 1)
system (15830, 3)
systemat (15843, 1)
tag (15848, 1)
talk (15853, 1)
tanker (15858, 1)
target (15863, 1)
tariff (15868, 1)
tax (15873, 6)
technolgi (15903, 1)
technolog (15908, 2)
telephon (15917, 1)
temporao (15922, 1)
tender (15926, 1)
term (15931, 1)
termin (15936, 3)
territori (15949, 1)
tex (15954, 2)
than (15963, 5)
that (15989, 9)
the (16035, 31)
their (16179, 4)
then (16199, 1)
there (16204, 4)
these (16225, 2)
they (16234, 4)
thi (16256, 5)
think (16281, 1)
third (16286, 1)
third-quart (16291, 1)
those (16296, 3)
thousand (16308, 3)
three (16319, 6)
three-for-two (16349, 1)
through (16354, 3)
throughout (16366, 1)
ticket (16370, 1)
time (16375, 4)
tka (16396, 1)
to (16401, 32)
today (16556, 4)
told (16578, 2)
toledo (16587, 1)
tomorrow (16592, 3)
ton (16605, 2)
tonight (16614, 1)
tonka (16619, 1)
tonn (16624, 4)
too (16644, 1)
total (16649, 8)
toward (16685, 1)
track (16690, 1)
trade (16695, 4)
transact (16716, 1)
transfer (16721, 1)
transit (16726, 1)
transport (16731, 1)
treatment (16736, 1)
tri (16741, 2)
trustco (16750, 1)
ttx (16755, 1)
tuccillo (16760, 1)
tultex (16765, 1)
turben (16770, 1)
two (16775, 9)
two-for-on (16822, 1)
two-week (16826, 1)
typic (16831, 1)
u.s. (16836, 15)
unabl (16906, 1)
unchang (16911, 1)
under (16916, 5)
undertak (16941, 1)
undisclos (16946, 1)
unit (16951, 8)
univers (16989, 1)
until (16994, 1)
up (16999, 9)
upco (17046, 1)
uruguay (17051, 1)
us (17055, 1)
usda (17060, 2)
util (17069, 1)
v (17074, 1)
valu (17078, 3)
valuabl (17091, 1)
variou (17096, 2)
veget (17105, 2)
versu (17113, 2)
vessel (17122, 3)
vi (17135, 1)
view (17139, 1)
virginia (17143, 1)
vote (17148, 1)
vs (17152, 23)
wa (17268, 12)
wait (17326, 1)
wall (17331, 1)
want (17336, 1)
warrant (17341, 1)
wast (17346, 1)
we (17351, 1)
wednesday (17356, 1)
week (17361, 15)
weekli (17432, 4)
weight (17453, 1)
well (17458, 1)
went (17463, 1)
were (17467, 6)
west (17495, 1)
wheat (17500, 4)
wheat/barley (17520, 1)
when (17524, 2)
whether (17533, 2)
which (17542, 5)
white (17567, 2)
who (17576, 1)
widespread (17581, 1)
will (17586, 9)
window (17632, 2)
with (17641, 12)
within (17699, 2)
wnx (17708, 1)
woodco (17713, 1)
work (17718, 1)
worldwid (17723, 1)
wors (17728, 1)
would (17733, 9)
x (17779, 1)
x-1986 (17783, 1)
y-dlr (17787, 1)
year (17791, 21)
year-ago (17892, 2)
yellow (17901, 1)
yemen (17906, 1)
yesterday (17911, 3)
york (17924, 5)
yr (17949, 2)
zealand (17958, 1)
zone (17963, 1)
None
